sample_position: [0, 0, 0, 0] # Not used!

b:
  frame_id: map
  base_frame_id: base_footprint
  pose:
    position:
    - x1: -1.4819368935505397
      y1: -0.4350340715180507
      z1: 0.0
    - x2: -1.8475429217851989
      y2: 0.27064090967770116
      z2: 0.0
    orientation:
    - x1: 0.0
      y1: 0.0
      z1: 0.9773526775429305
      w1: 0.21161697403484528
    - x2: 0.0
      y2: 0.0
      z2: 0.5890125447337153
      w2: 0.8081238903449848

aaa:
  frame_id: map
  pose:
    position:
    - x_1: -1.69313
      y_1: 0.6546534781613365
      z_1: 0.0
    - x_2: -1.98756
      y_2: 0.338677183976485
      z_2: 0.0
    orientation:
    - x_1: 0.0
      y_1: 0.0
      z_1: 0.5866144376980295
      w_1: 0.8098663479144104
    - x_2: 0.0
      y_2: 0.0
      z_2: -0.7009441779577892
      w_2: 0.7132161379182885

qqqq:
  frame_id: map
  pose:
    position:
    - x_1: -1.93156
      y_1: 0.41782
      z_1: 0.0
    - x_2: -1.55075
      y_2: 0.45035
      z_2: 0.0
    - x_3: -1.5978
      y_3: 0.29131
      z_3: 0.0
    orientation:
    - x_1: 0.0
      y_1: 0.0
      z_1: 0.61959
      w_1: 0.78492
    - x_2: 0.0
      y_2: 0.0
      z_2: -0.63873
      w_2: 0.76943
    - x_3: 0.0
      y_3: 0.0
      z_3: -0.98719
      w_3: 0.15957
